B#loc subtype r0 xOffset zOffset lrtOffset tofOffset0 tofOffset1
#VANDLE BARS
0 small 50.5 0.0 0.0 0.0 -5.5 0.0
1 small 50.5 0.0 0.0 0.0 2.5 0.0
2 small 50.5 0.0 0.0 0.0 -1.5 0.0
3 small 50.5 0.0 0.0 0.0 0 0.0
4 small 50.5 0.0 0.0 0.0 -1.5 0.0
5 small 50.5 0.0 0.0 0.0 2 0.0
6 small 50.5 0.0 0.0 0.0 -3 0.0
7 small 50.5 0.0 0.0 0.0 1.5 0.0
8 small 50.5 0.0 0.0 0.0 -3.5 0.0
9 small 50.5 0.0 0.0 0.0 4.5 0.0
10 small 50.5 0.0 0.0 0.0 -2 0.0
11 small 50.5 0.0 0.0 0.0 4.5 0.0
12 small 50.5 0.0 0.0 0.0 -2.5 0.0
13 small 50.5 0.0 0.0 0.0 5.5 0.0
14 small 50.5 0.0 0.0 0.0 1 0.0
15 small 50.5 0.0 0.0 0.0 4.5 0.0
16 small 50.5 0.0 0.0 0.0 -1.5 0.0
17 small 50.5 0.0 0.0 0.0 5.5 0.0
18 small 50.5 0.0 0.0 0.0 -3.5 0.0
19 small 50.5 0.0 0.0 0.0 1.5 0.0
20 small 50.5 0.0 0.0 0.0 -1.5 0.0
21 small 50.5 0.0 0.0 0.0 2 0.0
22 small 50.5 0.0 0.0 0.0 0 0.0
23 small 50.5 0.0 0.0 0.0 5.5 0.0
24 small 50.5 0.0 0.0 0.0 -3 0.0
25 small 50.5 0.0 0.0 0.0 2.5 0.0
26 small 50.5 0.0 0.0 0.0 -2 0.0
27 small 50.5 0.0 0.0 0.0 3 0.0
28 small 50.5 0.0 0.0 0.0 -2.5 0.0
29 small 50.5 0.0 0.0 0.0 2.5 0.0
30 small 50.5 0.0 0.0 0.0 0.5 0.0
31 small 50.5 0.0 0.0 0.0 4 0.0
32 small 50.5 0.0 0.0 0.0 -3.5 0.0
33 small 50.5 0.0 0.0 0.0 3.5 0.0
34 small 50.5 0.0 0.0 0.0 0 0.0
35 small 50.5 0.0 0.0 0.0 4.5 0.0
36 small 50.5 0.0 0.0 0.0 -2.5 0.0
37 small 50.5 0.0 0.0 0.0 2 0.0
38 small 50.5 0.0 0.0 0.0 -4 0.0
39 small 50.5 0.0 0.0 0.0 1.5 0.0
40 small 50.5 0.0 0.0 0.0 -4 0.0
41 small 50.5 0.0 0.0 0.0 3 0.0

#Betas
0 beta  1.27   00.0   0.00   0.000  0.000  0.00

#Liquids
0 liquid  0.0   00.0   0.00   0.000  0.000  0.00
1 liquid  0.0   00.0   0.00   0.000  0.000  0.00
2 liquid  0.0   00.0   0.00   0.000  0.000  0.00
3 liquid  0.0   00.0   0.00   0.000  0.000  0.00
4 liquid  0.0   00.0   0.00   0.000  0.000  0.00
5 liquid  0.0   00.0   0.00   0.000  0.000  0.00
6 liquid  0.0   00.0   0.00   0.000  0.000  0.00
8 liquid  0.0   00.0   0.00   0.000  0.000  0.0
7 liquid  0.0   00.0   0.00   0.000  0.000  0.0
9 liquid  0.0   00.0   0.00   0.000  0.000  0.00
10 liquid  0.0   00.0   0.00   0.000  0.000  0.00
11 liquid  0.0   00.0   0.00   0.000  0.000  0.00
12 liquid  0.0   00.0   0.00   0.000  0.000  0.00
